pipeline,cv_score,generation,holdout_score,holdout_roc_auc_score
"XGBClassifier(input_matrix, XGBClassifier__learning_rate=0.001, XGBClassifier__max_depth=8, XGBClassifier__min_child_weight=1, XGBClassifier__n_estimators=100, XGBClassifier__n_jobs=1, XGBClassifier__subsample=0.6500000000000001, XGBClassifier__verbosity=0)",0.6985342401500938,0,0.7597038815526211,0.8393357342937174
"MLPClassifier(StandardScaler(input_matrix), MLPClassifier__alpha=0.1, MLPClassifier__learning_rate_init=0.1)",0.7661898061288305,0,0.810124049619848,0.8757503001200481
"MLPClassifier(input_matrix, MLPClassifier__alpha=0.0001, MLPClassifier__learning_rate_init=0.5)",0.7177462476547842,1,0.7666066426570628,0.8077230892356942
"MLPClassifier(StandardScaler(input_matrix), MLPClassifier__alpha=0.1, MLPClassifier__learning_rate_init=0.1)",0.7661898061288305,1,0.7515006002400961,0.8367346938775512
"MLPClassifier(XGBClassifier(MaxAbsScaler(input_matrix), XGBClassifier__learning_rate=0.5, XGBClassifier__max_depth=5, XGBClassifier__min_child_weight=7, XGBClassifier__n_estimators=100, XGBClassifier__n_jobs=1, XGBClassifier__subsample=0.9000000000000001, XGBClassifier__verbosity=0), MLPClassifier__alpha=0.001, MLPClassifier__learning_rate_init=0.5)",0.8638914946841776,1,0.9089635854341737,0.9277711084433773
"MLPClassifier(input_matrix, MLPClassifier__alpha=0.1, MLPClassifier__learning_rate_init=0.1)",0.7500953721075672,2,0.8105242096838736,0.9139655862344938
"MLPClassifier(XGBClassifier(input_matrix, XGBClassifier__learning_rate=0.5, XGBClassifier__max_depth=5, XGBClassifier__min_child_weight=7, XGBClassifier__n_estimators=100, XGBClassifier__n_jobs=1, XGBClassifier__subsample=0.9000000000000001, XGBClassifier__verbosity=0), MLPClassifier__alpha=0.001, MLPClassifier__learning_rate_init=0.5)",0.8662969043151969,2,0.9397759103641457,0.9537314925970388
"XGBClassifier(input_matrix, XGBClassifier__learning_rate=0.01, XGBClassifier__max_depth=8, XGBClassifier__min_child_weight=1, XGBClassifier__n_estimators=100, XGBClassifier__n_jobs=1, XGBClassifier__subsample=0.6500000000000001, XGBClassifier__verbosity=0)",0.7863000312695435,3,0.7946178471388555,0.872749099639856
"MLPClassifier(XGBClassifier(input_matrix, XGBClassifier__learning_rate=0.5, XGBClassifier__max_depth=5, XGBClassifier__min_child_weight=7, XGBClassifier__n_estimators=100, XGBClassifier__n_jobs=1, XGBClassifier__subsample=0.9000000000000001, XGBClassifier__verbosity=0), MLPClassifier__alpha=0.001, MLPClassifier__learning_rate_init=0.001)",0.870077392120075,3,0.9397759103641457,0.9737895158063226
"XGBClassifier(input_matrix, XGBClassifier__learning_rate=0.01, XGBClassifier__max_depth=8, XGBClassifier__min_child_weight=1, XGBClassifier__n_estimators=100, XGBClassifier__n_jobs=1, XGBClassifier__subsample=0.6500000000000001, XGBClassifier__verbosity=0)",0.7863000312695435,4,0.7946178471388555,0.872749099639856
"XGBClassifier(RFE(input_matrix, RFE__ExtraTreesClassifier__criterion=entropy, RFE__ExtraTreesClassifier__max_features=0.6000000000000001, RFE__ExtraTreesClassifier__n_estimators=100, RFE__step=0.8), XGBClassifier__learning_rate=1.0, XGBClassifier__max_depth=8, XGBClassifier__min_child_weight=1, XGBClassifier__n_estimators=100, XGBClassifier__n_jobs=1, XGBClassifier__subsample=0.6500000000000001, XGBClassifier__verbosity=0)",0.9212984677923701,4,0.9495798319327731,0.9930972388955582
"XGBClassifier(input_matrix, XGBClassifier__learning_rate=0.01, XGBClassifier__max_depth=8, XGBClassifier__min_child_weight=1, XGBClassifier__n_estimators=100, XGBClassifier__n_jobs=1, XGBClassifier__subsample=0.6500000000000001, XGBClassifier__verbosity=0)",0.7863000312695435,5,0.7946178471388555,0.872749099639856
"XGBClassifier(RFE(input_matrix, RFE__ExtraTreesClassifier__criterion=entropy, RFE__ExtraTreesClassifier__max_features=0.6000000000000001, RFE__ExtraTreesClassifier__n_estimators=100, RFE__step=0.8), XGBClassifier__learning_rate=1.0, XGBClassifier__max_depth=8, XGBClassifier__min_child_weight=1, XGBClassifier__n_estimators=100, XGBClassifier__n_jobs=1, XGBClassifier__subsample=0.6500000000000001, XGBClassifier__verbosity=0)",0.9212984677923701,5,0.9397759103641457,0.9814925970388155
"XGBClassifier(input_matrix, XGBClassifier__learning_rate=0.01, XGBClassifier__max_depth=8, XGBClassifier__min_child_weight=1, XGBClassifier__n_estimators=100, XGBClassifier__n_jobs=1, XGBClassifier__subsample=0.6500000000000001, XGBClassifier__verbosity=0)",0.7863000312695435,6,0.7946178471388555,0.872749099639856
"XGBClassifier(RFE(input_matrix, RFE__ExtraTreesClassifier__criterion=entropy, RFE__ExtraTreesClassifier__max_features=0.6000000000000001, RFE__ExtraTreesClassifier__n_estimators=100, RFE__step=0.8), XGBClassifier__learning_rate=1.0, XGBClassifier__max_depth=8, XGBClassifier__min_child_weight=1, XGBClassifier__n_estimators=100, XGBClassifier__n_jobs=1, XGBClassifier__subsample=0.6500000000000001, XGBClassifier__verbosity=0)",0.9212984677923701,6,0.9448779511804721,0.9798919567827131
"MLPClassifier(XGBClassifier(RFE(input_matrix, RFE__ExtraTreesClassifier__criterion=gini, RFE__ExtraTreesClassifier__max_features=0.9500000000000001, RFE__ExtraTreesClassifier__n_estimators=100, RFE__step=0.1), XGBClassifier__learning_rate=1.0, XGBClassifier__max_depth=7, XGBClassifier__min_child_weight=1, XGBClassifier__n_estimators=100, XGBClassifier__n_jobs=1, XGBClassifier__subsample=0.8500000000000001, XGBClassifier__verbosity=0), MLPClassifier__alpha=0.01, MLPClassifier__learning_rate_init=0.01)",0.9527407754846777,6,0.9593837535014006,0.9859943977591037
"XGBClassifier(input_matrix, XGBClassifier__learning_rate=0.01, XGBClassifier__max_depth=8, XGBClassifier__min_child_weight=1, XGBClassifier__n_estimators=100, XGBClassifier__n_jobs=1, XGBClassifier__subsample=0.6500000000000001, XGBClassifier__verbosity=0)",0.7863000312695435,7,0.7946178471388555,0.872749099639856
"XGBClassifier(RFE(input_matrix, RFE__ExtraTreesClassifier__criterion=entropy, RFE__ExtraTreesClassifier__max_features=0.6000000000000001, RFE__ExtraTreesClassifier__n_estimators=100, RFE__step=0.8), XGBClassifier__learning_rate=1.0, XGBClassifier__max_depth=8, XGBClassifier__min_child_weight=1, XGBClassifier__n_estimators=100, XGBClassifier__n_jobs=1, XGBClassifier__subsample=0.6500000000000001, XGBClassifier__verbosity=0)",0.9212984677923701,7,0.9448779511804721,0.9798919567827131
"MLPClassifier(XGBClassifier(RFE(input_matrix, RFE__ExtraTreesClassifier__criterion=gini, RFE__ExtraTreesClassifier__max_features=0.9500000000000001, RFE__ExtraTreesClassifier__n_estimators=100, RFE__step=0.1), XGBClassifier__learning_rate=1.0, XGBClassifier__max_depth=7, XGBClassifier__min_child_weight=1, XGBClassifier__n_estimators=100, XGBClassifier__n_jobs=1, XGBClassifier__subsample=0.8500000000000001, XGBClassifier__verbosity=0), MLPClassifier__alpha=0.01, MLPClassifier__learning_rate_init=0.01)",0.9527407754846777,7,0.9593837535014006,0.9877951180472189
"XGBClassifier(input_matrix, XGBClassifier__learning_rate=0.5, XGBClassifier__max_depth=8, XGBClassifier__min_child_weight=1, XGBClassifier__n_estimators=100, XGBClassifier__n_jobs=1, XGBClassifier__subsample=0.8, XGBClassifier__verbosity=0)",0.8411413383364603,8,0.9144657863145258,0.967687074829932
"XGBClassifier(RFE(input_matrix, RFE__ExtraTreesClassifier__criterion=entropy, RFE__ExtraTreesClassifier__max_features=0.6000000000000001, RFE__ExtraTreesClassifier__n_estimators=100, RFE__step=0.8), XGBClassifier__learning_rate=1.0, XGBClassifier__max_depth=8, XGBClassifier__min_child_weight=1, XGBClassifier__n_estimators=100, XGBClassifier__n_jobs=1, XGBClassifier__subsample=0.8500000000000001, XGBClassifier__verbosity=0)",0.9511460287679799,8,0.9848939575830332,0.9977991196478592
"MLPClassifier(XGBClassifier(RFE(input_matrix, RFE__ExtraTreesClassifier__criterion=gini, RFE__ExtraTreesClassifier__max_features=0.9500000000000001, RFE__ExtraTreesClassifier__n_estimators=100, RFE__step=0.4), XGBClassifier__learning_rate=1.0, XGBClassifier__max_depth=7, XGBClassifier__min_child_weight=1, XGBClassifier__n_estimators=100, XGBClassifier__n_jobs=1, XGBClassifier__subsample=0.8500000000000001, XGBClassifier__verbosity=0), MLPClassifier__alpha=0.01, MLPClassifier__learning_rate_init=0.01)",0.9550531582238898,8,0.9746898759503801,0.9975990396158463
"XGBClassifier(input_matrix, XGBClassifier__learning_rate=0.5, XGBClassifier__max_depth=8, XGBClassifier__min_child_weight=1, XGBClassifier__n_estimators=100, XGBClassifier__n_jobs=1, XGBClassifier__subsample=0.8, XGBClassifier__verbosity=0)",0.8411413383364603,9,0.9144657863145258,0.967687074829932
"XGBClassifier(RFE(input_matrix, RFE__ExtraTreesClassifier__criterion=entropy, RFE__ExtraTreesClassifier__max_features=0.6000000000000001, RFE__ExtraTreesClassifier__n_estimators=100, RFE__step=0.8), XGBClassifier__learning_rate=1.0, XGBClassifier__max_depth=8, XGBClassifier__min_child_weight=1, XGBClassifier__n_estimators=100, XGBClassifier__n_jobs=1, XGBClassifier__subsample=0.8500000000000001, XGBClassifier__verbosity=0)",0.9511460287679799,9,0.9344737895158064,0.9868947579031613
"XGBClassifier(RFE(DecisionTreeClassifier(input_matrix, DecisionTreeClassifier__criterion=gini, DecisionTreeClassifier__max_depth=1, DecisionTreeClassifier__min_samples_leaf=1, DecisionTreeClassifier__min_samples_split=9), RFE__ExtraTreesClassifier__criterion=entropy, RFE__ExtraTreesClassifier__max_features=0.6000000000000001, RFE__ExtraTreesClassifier__n_estimators=100, RFE__step=0.8), XGBClassifier__learning_rate=0.1, XGBClassifier__max_depth=8, XGBClassifier__min_child_weight=1, XGBClassifier__n_estimators=100, XGBClassifier__n_jobs=1, XGBClassifier__subsample=0.8, XGBClassifier__verbosity=0)",0.9725898999374609,9,0.9899959983993598,0.9990996398559424
"XGBClassifier(input_matrix, XGBClassifier__learning_rate=0.5, XGBClassifier__max_depth=8, XGBClassifier__min_child_weight=1, XGBClassifier__n_estimators=100, XGBClassifier__n_jobs=1, XGBClassifier__subsample=0.8, XGBClassifier__verbosity=0)",0.8411413383364603,10,0.9144657863145258,0.967687074829932
"XGBClassifier(RFE(input_matrix, RFE__ExtraTreesClassifier__criterion=entropy, RFE__ExtraTreesClassifier__max_features=0.6000000000000001, RFE__ExtraTreesClassifier__n_estimators=100, RFE__step=0.8), XGBClassifier__learning_rate=1.0, XGBClassifier__max_depth=8, XGBClassifier__min_child_weight=1, XGBClassifier__n_estimators=100, XGBClassifier__n_jobs=1, XGBClassifier__subsample=0.9500000000000001, XGBClassifier__verbosity=0)",0.9577118511569731,10,0.96468587434974,0.9946978791516606
"MLPClassifier(XGBClassifier(RFE(input_matrix, RFE__ExtraTreesClassifier__criterion=gini, RFE__ExtraTreesClassifier__max_features=0.9500000000000001, RFE__ExtraTreesClassifier__n_estimators=100, RFE__step=0.1), XGBClassifier__learning_rate=0.1, XGBClassifier__max_depth=7, XGBClassifier__min_child_weight=1, XGBClassifier__n_estimators=100, XGBClassifier__n_jobs=1, XGBClassifier__subsample=0.8500000000000001, XGBClassifier__verbosity=0), MLPClassifier__alpha=0.01, MLPClassifier__learning_rate_init=0.01)",0.9750578486554096,10,0.9897959183673469,0.9998999599839936
"XGBClassifier(PolynomialFeatures(RFE(DecisionTreeClassifier(input_matrix, DecisionTreeClassifier__criterion=gini, DecisionTreeClassifier__max_depth=1, DecisionTreeClassifier__min_samples_leaf=1, DecisionTreeClassifier__min_samples_split=6), RFE__ExtraTreesClassifier__criterion=entropy, RFE__ExtraTreesClassifier__max_features=0.35000000000000003, RFE__ExtraTreesClassifier__n_estimators=100, RFE__step=0.8), PolynomialFeatures__degree=2, PolynomialFeatures__include_bias=False, PolynomialFeatures__interaction_only=False), XGBClassifier__learning_rate=1.0, XGBClassifier__max_depth=8, XGBClassifier__min_child_weight=1, XGBClassifier__n_estimators=100, XGBClassifier__n_jobs=1, XGBClassifier__subsample=0.8, XGBClassifier__verbosity=0)",0.9786858974358974,10,0.96468587434974,0.9951980792316927
"XGBClassifier(input_matrix, XGBClassifier__learning_rate=0.5, XGBClassifier__max_depth=7, XGBClassifier__min_child_weight=1, XGBClassifier__n_estimators=100, XGBClassifier__n_jobs=1, XGBClassifier__subsample=0.8, XGBClassifier__verbosity=0)",0.8649507504690431,11,0.9493797519007603,0.9863945578231292
"XGBClassifier(RFE(input_matrix, RFE__ExtraTreesClassifier__criterion=entropy, RFE__ExtraTreesClassifier__max_features=0.6000000000000001, RFE__ExtraTreesClassifier__n_estimators=100, RFE__step=0.8), XGBClassifier__learning_rate=1.0, XGBClassifier__max_depth=8, XGBClassifier__min_child_weight=1, XGBClassifier__n_estimators=100, XGBClassifier__n_jobs=1, XGBClassifier__subsample=0.9500000000000001, XGBClassifier__verbosity=0)",0.9577118511569731,11,0.96468587434974,0.9960984393757503
"MLPClassifier(XGBClassifier(RFE(input_matrix, RFE__ExtraTreesClassifier__criterion=gini, RFE__ExtraTreesClassifier__max_features=0.9500000000000001, RFE__ExtraTreesClassifier__n_estimators=100, RFE__step=0.1), XGBClassifier__learning_rate=0.1, XGBClassifier__max_depth=7, XGBClassifier__min_child_weight=1, XGBClassifier__n_estimators=100, XGBClassifier__n_jobs=1, XGBClassifier__subsample=0.8500000000000001, XGBClassifier__verbosity=0), MLPClassifier__alpha=0.01, MLPClassifier__learning_rate_init=0.01)",0.9750578486554096,11,0.9848939575830332,0.9981992797118847
"XGBClassifier(PolynomialFeatures(RFE(DecisionTreeClassifier(input_matrix, DecisionTreeClassifier__criterion=gini, DecisionTreeClassifier__max_depth=1, DecisionTreeClassifier__min_samples_leaf=1, DecisionTreeClassifier__min_samples_split=6), RFE__ExtraTreesClassifier__criterion=entropy, RFE__ExtraTreesClassifier__max_features=0.35000000000000003, RFE__ExtraTreesClassifier__n_estimators=100, RFE__step=0.8), PolynomialFeatures__degree=2, PolynomialFeatures__include_bias=False, PolynomialFeatures__interaction_only=False), XGBClassifier__learning_rate=1.0, XGBClassifier__max_depth=8, XGBClassifier__min_child_weight=1, XGBClassifier__n_estimators=100, XGBClassifier__n_jobs=1, XGBClassifier__subsample=0.8, XGBClassifier__verbosity=0)",0.9786858974358974,11,0.9897959183673469,0.9919967987194878
"XGBClassifier(input_matrix, XGBClassifier__learning_rate=0.5, XGBClassifier__max_depth=9, XGBClassifier__min_child_weight=1, XGBClassifier__n_estimators=100, XGBClassifier__n_jobs=1, XGBClassifier__subsample=0.8, XGBClassifier__verbosity=0)",0.8737953408380237,12,0.9395758303321329,0.972889155662265
"XGBClassifier(RFE(input_matrix, RFE__ExtraTreesClassifier__criterion=entropy, RFE__ExtraTreesClassifier__max_features=0.6000000000000001, RFE__ExtraTreesClassifier__n_estimators=100, RFE__step=0.8), XGBClassifier__learning_rate=0.1, XGBClassifier__max_depth=8, XGBClassifier__min_child_weight=1, XGBClassifier__n_estimators=100, XGBClassifier__n_jobs=1, XGBClassifier__subsample=0.8, XGBClassifier__verbosity=0)",0.9700578486554094,12,0.9797919167667066,0.9959983993597439
"MLPClassifier(XGBClassifier(RFE(input_matrix, RFE__ExtraTreesClassifier__criterion=gini, RFE__ExtraTreesClassifier__max_features=0.9500000000000001, RFE__ExtraTreesClassifier__n_estimators=100, RFE__step=0.1), XGBClassifier__learning_rate=0.1, XGBClassifier__max_depth=7, XGBClassifier__min_child_weight=1, XGBClassifier__n_estimators=100, XGBClassifier__n_jobs=1, XGBClassifier__subsample=0.8500000000000001, XGBClassifier__verbosity=0), MLPClassifier__alpha=0.01, MLPClassifier__learning_rate_init=0.01)",0.9750578486554096,12,0.9897959183673469,0.9998999599839936
"XGBClassifier(PolynomialFeatures(RFE(DecisionTreeClassifier(input_matrix, DecisionTreeClassifier__criterion=gini, DecisionTreeClassifier__max_depth=1, DecisionTreeClassifier__min_samples_leaf=1, DecisionTreeClassifier__min_samples_split=6), RFE__ExtraTreesClassifier__criterion=entropy, RFE__ExtraTreesClassifier__max_features=0.35000000000000003, RFE__ExtraTreesClassifier__n_estimators=100, RFE__step=0.8), PolynomialFeatures__degree=2, PolynomialFeatures__include_bias=False, PolynomialFeatures__interaction_only=False), XGBClassifier__learning_rate=1.0, XGBClassifier__max_depth=8, XGBClassifier__min_child_weight=1, XGBClassifier__n_estimators=100, XGBClassifier__n_jobs=1, XGBClassifier__subsample=0.8, XGBClassifier__verbosity=0)",0.9786858974358974,12,0.970188075230092,0.9923969587835134
"XGBClassifier(input_matrix, XGBClassifier__learning_rate=0.1, XGBClassifier__max_depth=8, XGBClassifier__min_child_weight=1, XGBClassifier__n_estimators=100, XGBClassifier__n_jobs=1, XGBClassifier__subsample=0.8500000000000001, XGBClassifier__verbosity=0)",0.9252407754846781,13,0.9593837535014006,0.9891956782713086
"XGBClassifier(RFE(input_matrix, RFE__ExtraTreesClassifier__criterion=gini, RFE__ExtraTreesClassifier__max_features=0.6000000000000001, RFE__ExtraTreesClassifier__n_estimators=100, RFE__step=0.8), XGBClassifier__learning_rate=0.1, XGBClassifier__max_depth=8, XGBClassifier__min_child_weight=1, XGBClassifier__n_estimators=100, XGBClassifier__n_jobs=1, XGBClassifier__subsample=0.9500000000000001, XGBClassifier__verbosity=0)",0.9713993120700437,13,0.9795918367346939,0.9991996798719488
"XGBClassifier(PolynomialFeatures(RFE(input_matrix, RFE__ExtraTreesClassifier__criterion=entropy, RFE__ExtraTreesClassifier__max_features=0.35000000000000003, RFE__ExtraTreesClassifier__n_estimators=100, RFE__step=0.8), PolynomialFeatures__degree=2, PolynomialFeatures__include_bias=False, PolynomialFeatures__interaction_only=False), XGBClassifier__learning_rate=1.0, XGBClassifier__max_depth=8, XGBClassifier__min_child_weight=1, XGBClassifier__n_estimators=100, XGBClassifier__n_jobs=1, XGBClassifier__subsample=0.8, XGBClassifier__verbosity=0)",0.9874679487179489,13,0.9948979591836735,0.9966986794717887
"XGBClassifier(input_matrix, XGBClassifier__learning_rate=0.1, XGBClassifier__max_depth=8, XGBClassifier__min_child_weight=1, XGBClassifier__n_estimators=100, XGBClassifier__n_jobs=1, XGBClassifier__subsample=0.8500000000000001, XGBClassifier__verbosity=0)",0.9252407754846781,14,0.9593837535014006,0.9891956782713086
"XGBClassifier(RFE(input_matrix, RFE__ExtraTreesClassifier__criterion=gini, RFE__ExtraTreesClassifier__max_features=0.6000000000000001, RFE__ExtraTreesClassifier__n_estimators=100, RFE__step=0.8), XGBClassifier__learning_rate=0.1, XGBClassifier__max_depth=8, XGBClassifier__min_child_weight=1, XGBClassifier__n_estimators=100, XGBClassifier__n_jobs=1, XGBClassifier__subsample=0.9500000000000001, XGBClassifier__verbosity=0)",0.9713993120700437,14,0.9795918367346939,0.9991996798719488
"XGBClassifier(PolynomialFeatures(RFE(input_matrix, RFE__ExtraTreesClassifier__criterion=entropy, RFE__ExtraTreesClassifier__max_features=0.35000000000000003, RFE__ExtraTreesClassifier__n_estimators=100, RFE__step=0.8), PolynomialFeatures__degree=2, PolynomialFeatures__include_bias=False, PolynomialFeatures__interaction_only=False), XGBClassifier__learning_rate=1.0, XGBClassifier__max_depth=8, XGBClassifier__min_child_weight=1, XGBClassifier__n_estimators=100, XGBClassifier__n_jobs=1, XGBClassifier__subsample=0.8, XGBClassifier__verbosity=0)",0.9874679487179489,14,0.9948979591836735,0.9966986794717887
"XGBClassifier(input_matrix, XGBClassifier__learning_rate=0.1, XGBClassifier__max_depth=8, XGBClassifier__min_child_weight=1, XGBClassifier__n_estimators=100, XGBClassifier__n_jobs=1, XGBClassifier__subsample=0.9000000000000001, XGBClassifier__verbosity=0)",0.9290501876172608,15,0.9846938775510203,1.0
"XGBClassifier(RFE(input_matrix, RFE__ExtraTreesClassifier__criterion=gini, RFE__ExtraTreesClassifier__max_features=0.35000000000000003, RFE__ExtraTreesClassifier__n_estimators=100, RFE__step=0.3), XGBClassifier__learning_rate=0.1, XGBClassifier__max_depth=8, XGBClassifier__min_child_weight=1, XGBClassifier__n_estimators=100, XGBClassifier__n_jobs=1, XGBClassifier__subsample=0.8, XGBClassifier__verbosity=0)",0.9750883364602878,15,0.9797919167667066,0.9959983993597439
"XGBClassifier(PolynomialFeatures(RFE(input_matrix, RFE__ExtraTreesClassifier__criterion=entropy, RFE__ExtraTreesClassifier__max_features=0.35000000000000003, RFE__ExtraTreesClassifier__n_estimators=100, RFE__step=0.8), PolynomialFeatures__degree=2, PolynomialFeatures__include_bias=False, PolynomialFeatures__interaction_only=False), XGBClassifier__learning_rate=1.0, XGBClassifier__max_depth=8, XGBClassifier__min_child_weight=1, XGBClassifier__n_estimators=100, XGBClassifier__n_jobs=1, XGBClassifier__subsample=0.8, XGBClassifier__verbosity=0)",0.9874679487179489,15,0.9948979591836735,0.9990996398559424
"XGBClassifier(input_matrix, XGBClassifier__learning_rate=0.1, XGBClassifier__max_depth=8, XGBClassifier__min_child_weight=1, XGBClassifier__n_estimators=100, XGBClassifier__n_jobs=1, XGBClassifier__subsample=0.9000000000000001, XGBClassifier__verbosity=0)",0.9290501876172608,16,0.9846938775510203,1.0
"XGBClassifier(RFE(input_matrix, RFE__ExtraTreesClassifier__criterion=gini, RFE__ExtraTreesClassifier__max_features=0.35000000000000003, RFE__ExtraTreesClassifier__n_estimators=100, RFE__step=0.3), XGBClassifier__learning_rate=0.1, XGBClassifier__max_depth=8, XGBClassifier__min_child_weight=1, XGBClassifier__n_estimators=100, XGBClassifier__n_jobs=1, XGBClassifier__subsample=0.8, XGBClassifier__verbosity=0)",0.9750883364602878,16,0.9797919167667066,0.9959983993597439
"XGBClassifier(PolynomialFeatures(RFE(input_matrix, RFE__ExtraTreesClassifier__criterion=entropy, RFE__ExtraTreesClassifier__max_features=0.35000000000000003, RFE__ExtraTreesClassifier__n_estimators=100, RFE__step=0.8), PolynomialFeatures__degree=2, PolynomialFeatures__include_bias=False, PolynomialFeatures__interaction_only=False), XGBClassifier__learning_rate=1.0, XGBClassifier__max_depth=8, XGBClassifier__min_child_weight=1, XGBClassifier__n_estimators=100, XGBClassifier__n_jobs=1, XGBClassifier__subsample=0.8, XGBClassifier__verbosity=0)",0.9874679487179489,16,0.9897959183673469,0.9998999599839935
"XGBClassifier(input_matrix, XGBClassifier__learning_rate=0.1, XGBClassifier__max_depth=8, XGBClassifier__min_child_weight=1, XGBClassifier__n_estimators=100, XGBClassifier__n_jobs=1, XGBClassifier__subsample=0.9000000000000001, XGBClassifier__verbosity=0)",0.9290501876172608,17,0.9846938775510203,1.0
"XGBClassifier(RFE(input_matrix, RFE__ExtraTreesClassifier__criterion=gini, RFE__ExtraTreesClassifier__max_features=0.35000000000000003, RFE__ExtraTreesClassifier__n_estimators=100, RFE__step=0.3), XGBClassifier__learning_rate=0.1, XGBClassifier__max_depth=8, XGBClassifier__min_child_weight=1, XGBClassifier__n_estimators=100, XGBClassifier__n_jobs=1, XGBClassifier__subsample=0.8, XGBClassifier__verbosity=0)",0.9750883364602878,17,0.9897959183673469,0.9997999199679872
"XGBClassifier(PolynomialFeatures(RFE(input_matrix, RFE__ExtraTreesClassifier__criterion=entropy, RFE__ExtraTreesClassifier__max_features=0.35000000000000003, RFE__ExtraTreesClassifier__n_estimators=100, RFE__step=0.8), PolynomialFeatures__degree=2, PolynomialFeatures__include_bias=False, PolynomialFeatures__interaction_only=False), XGBClassifier__learning_rate=1.0, XGBClassifier__max_depth=8, XGBClassifier__min_child_weight=1, XGBClassifier__n_estimators=100, XGBClassifier__n_jobs=1, XGBClassifier__subsample=0.8, XGBClassifier__verbosity=0)",0.9874679487179489,17,0.9948979591836735,0.9910964385754302
"XGBClassifier(input_matrix, XGBClassifier__learning_rate=0.5, XGBClassifier__max_depth=6, XGBClassifier__min_child_weight=1, XGBClassifier__n_estimators=100, XGBClassifier__n_jobs=1, XGBClassifier__subsample=1.0, XGBClassifier__verbosity=0)",0.9362038774233896,18,0.9595838335334134,0.9938975590236094
"XGBClassifier(RFE(input_matrix, RFE__ExtraTreesClassifier__criterion=entropy, RFE__ExtraTreesClassifier__max_features=0.25, RFE__ExtraTreesClassifier__n_estimators=100, RFE__step=0.3), XGBClassifier__learning_rate=0.1, XGBClassifier__max_depth=8, XGBClassifier__min_child_weight=1, XGBClassifier__n_estimators=100, XGBClassifier__n_jobs=1, XGBClassifier__subsample=0.8, XGBClassifier__verbosity=0)",0.9813078486554095,18,0.9797919167667066,0.9993997599039616
"XGBClassifier(PolynomialFeatures(RFE(input_matrix, RFE__ExtraTreesClassifier__criterion=entropy, RFE__ExtraTreesClassifier__max_features=0.35000000000000003, RFE__ExtraTreesClassifier__n_estimators=100, RFE__step=0.6500000000000001), PolynomialFeatures__degree=2, PolynomialFeatures__include_bias=False, PolynomialFeatures__interaction_only=False), XGBClassifier__learning_rate=0.001, XGBClassifier__max_depth=8, XGBClassifier__min_child_weight=1, XGBClassifier__n_estimators=100, XGBClassifier__n_jobs=1, XGBClassifier__subsample=0.8, XGBClassifier__verbosity=0)",0.9887179487179487,18,0.9948979591836735,0.9998999599839936
"XGBClassifier(PolynomialFeatures(RFE(DecisionTreeClassifier(input_matrix, DecisionTreeClassifier__criterion=gini, DecisionTreeClassifier__max_depth=1, DecisionTreeClassifier__min_samples_leaf=1, DecisionTreeClassifier__min_samples_split=6), RFE__ExtraTreesClassifier__criterion=entropy, RFE__ExtraTreesClassifier__max_features=0.35000000000000003, RFE__ExtraTreesClassifier__n_estimators=100, RFE__step=0.8), PolynomialFeatures__degree=2, PolynomialFeatures__include_bias=False, PolynomialFeatures__interaction_only=False), XGBClassifier__learning_rate=0.1, XGBClassifier__max_depth=8, XGBClassifier__min_child_weight=1, XGBClassifier__n_estimators=100, XGBClassifier__n_jobs=1, XGBClassifier__subsample=0.8, XGBClassifier__verbosity=0)",0.9949679487179488,18,0.9948979591836735,1.0
"XGBClassifier(input_matrix, XGBClassifier__learning_rate=0.5, XGBClassifier__max_depth=6, XGBClassifier__min_child_weight=1, XGBClassifier__n_estimators=100, XGBClassifier__n_jobs=1, XGBClassifier__subsample=1.0, XGBClassifier__verbosity=0)",0.9362038774233896,19,0.9595838335334134,0.9938975590236094
"XGBClassifier(RFE(input_matrix, RFE__ExtraTreesClassifier__criterion=entropy, RFE__ExtraTreesClassifier__max_features=0.25, RFE__ExtraTreesClassifier__n_estimators=100, RFE__step=0.3), XGBClassifier__learning_rate=0.1, XGBClassifier__max_depth=8, XGBClassifier__min_child_weight=1, XGBClassifier__n_estimators=100, XGBClassifier__n_jobs=1, XGBClassifier__subsample=0.8, XGBClassifier__verbosity=0)",0.9813078486554095,19,0.9797919167667066,0.9959983993597439
"XGBClassifier(PolynomialFeatures(RFE(input_matrix, RFE__ExtraTreesClassifier__criterion=entropy, RFE__ExtraTreesClassifier__max_features=0.35000000000000003, RFE__ExtraTreesClassifier__n_estimators=100, RFE__step=0.6500000000000001), PolynomialFeatures__degree=2, PolynomialFeatures__include_bias=False, PolynomialFeatures__interaction_only=False), XGBClassifier__learning_rate=0.001, XGBClassifier__max_depth=8, XGBClassifier__min_child_weight=1, XGBClassifier__n_estimators=100, XGBClassifier__n_jobs=1, XGBClassifier__subsample=0.8, XGBClassifier__verbosity=0)",0.9887179487179487,19,0.9948979591836735,0.999499799919968
"XGBClassifier(PolynomialFeatures(RFE(DecisionTreeClassifier(input_matrix, DecisionTreeClassifier__criterion=gini, DecisionTreeClassifier__max_depth=1, DecisionTreeClassifier__min_samples_leaf=1, DecisionTreeClassifier__min_samples_split=6), RFE__ExtraTreesClassifier__criterion=entropy, RFE__ExtraTreesClassifier__max_features=0.35000000000000003, RFE__ExtraTreesClassifier__n_estimators=100, RFE__step=0.8), PolynomialFeatures__degree=2, PolynomialFeatures__include_bias=False, PolynomialFeatures__interaction_only=False), XGBClassifier__learning_rate=0.1, XGBClassifier__max_depth=8, XGBClassifier__min_child_weight=1, XGBClassifier__n_estimators=100, XGBClassifier__n_jobs=1, XGBClassifier__subsample=0.8, XGBClassifier__verbosity=0)",0.9949679487179488,19,0.9948979591836735,1.0
